[General]
employees=Иванов, Петров, Сидоров
progrev=900

[protocol]
num=30
date=19-11-2019
path=d:\\протоколы\\

[freq]
br3=2
dev=3
k=0.0078125, 0.0078125, 1, 1, 0, 1, 1, 0.001
eps=0.05, 0.05, 1, 1, 0, 5, 5, 0.005

[ao]
dev=6
shim=2

[ai]
dev=8
k=0, 0.0001, 0, 0, 0, 0, 0, 0
off=0, -0.4, 0, 0, 0, 0, 0, 0
eps=1, 0.001, 1, 1, 1, 1, 1, 1

[di]
dev=9

[do1]
dev=1

[do2]
dev=5

[pv1]
dev=11
k=0.01
eps=0.01

[pv2]
dev=12

[pa1]
dev=21

[pa2]
dev=22

[pa3]
dev=23
k=0.001
eps=0.001

[pid]
pida=0.7, 4, -0.25, 0.2
pidc=10, 50, -2.5, 0.02

[pchv]
dev=2
max_speed=1565
fb_k=1.258

[gen]
dev=100

[port]
port1=COM2
port2=COM1
port3=COM3
port4=COM8
baud1=115200
baud2=9600
baud3=115200
baud4=38400
